-0.100503781526
-0.100503781526
-0.100503781526
-0.100503781526
-0.100503781526
-0.100503781526
-0.100503781526
-0.100503781526
-0.100503781526
-0.100503781526
-0.100503781526
-0.100503781526
-0.100503781526
-0.100503781526
-0.100503781526
-0.100503781526
-0.100503781526
-0.100503781526
-0.100503781526
-0.100503781526
-0.100503781526
-0.100503781526
-0.100503781526
-0.100503781526
-0.100503781526
-0.100503781526
-0.100503781526
-0.100503781526
-0.100503781526
-0.100503781526
-0.100503781526
-0.100503781526
-0.100503781526
-0.100503781526
-0.100503781526
-0.100503781526
-0.100503781526
-0.100503781526
-0.100503781526
-0.100503781526
-0.100503781526
-0.100503781526
-0.100503781526
-0.100503781526
-0.100503781526
-0.100503781526
-0.100503781526
-0.100503781526
-0.100503781526
-0.100503781526
-0.100503781526
-0.100503781526
-0.100503781526
-0.100503781526
-0.100503781526
-0.100503781526
-0.100503781526
-0.100503781526
-0.100503781526
9.94987437107
-0.100503781526
-0.100503781526
-0.100503781526
-0.100503781526
-0.100503781526
-0.100503781526
-0.100503781526
-0.100503781526
-0.100503781526
-0.100503781526
-0.100503781526
-0.100503781526
-0.100503781526
-0.100503781526
-0.100503781526
-0.100503781526
-0.100503781526
-0.100503781526
-0.100503781526
-0.100503781526
-0.100503781526
-0.100503781526
-0.100503781526
-0.100503781526
-0.100503781526
-0.100503781526
-0.100503781526
-0.100503781526
-0.100503781526
-0.100503781526
-0.100503781526
-0.100503781526
-0.100503781526
-0.100503781526
-0.100503781526
-0.100503781526
-0.100503781526
-0.100503781526
-0.100503781526
-0.100503781526
