1,1,1,27.3509457562;
1,3,1,27.0158244907;
1,5,1,27.1265681482;
1,7,1,27.1597624296;
1,9,1,27.1092837878;
1,11,1,26.9043749086;
1,13,1,26.849961592;
1,15,1,26.7050660842;
3,1,3,26.5517212407;
3,3,3,26.528815536;
3,5,3,26.5760827533;
3,7,3,26.4424173983;
3,9,3,26.5228857872;
3,11,3,26.8592557619;
3,13,3,26.8354752012;
3,15,3,26.8769915066;
5,1,5,26.4953242815;
5,3,5,26.6560912981;
5,5,5,26.3889610463;
5,7,5,26.2683552727;
5,9,5,26.2969198841;
5,11,5,26.4066024011;
5,13,5,26.3140608278;
5,15,5,26.3326552115;
7,1,7,26.388933337;
7,3,7,26.5465970091;
7,5,7,26.5686850643;
7,7,7,26.4413336001;
7,9,7,26.2720603618;
7,11,7,26.3361787746;
7,13,7,26.2066811068;
7,15,7,26.3756019316;
9,1,9,26.2957576463;
9,3,9,26.473585418;
9,5,9,26.5504833069;
9,7,9,26.5356395179;
9,9,9,26.4434189821;
9,11,9,26.3543229954;
9,13,9,26.1582199721;
9,15,9,26.166922942;
11,1,11,26.2575276051;
11,3,11,26.4130469224;
11,5,11,26.4717022375;
11,7,11,26.570807158;
11,9,11,26.474649021;
11,11,11,26.3889112154;
11,13,11,26.3263689192;
11,15,11,26.2129972361;
13,1,13,26.2575276051;
13,3,13,26.3619467139;
13,5,13,26.5375357338;
13,7,13,26.5027971791;
13,9,13,26.5254162851;
13,11,13,26.4499917084;
13,13,13,26.4212327803;
13,15,13,26.5052882463;
15,1,15,26.2644545574;
15,3,15,26.2577946531;
15,5,15,26.4600513728;
15,7,15,26.4894763357;
15,9,15,26.4930365083;
15,11,15,26.4707333551;
15,13,15,26.4163668331;
15,15,15,26.4252718708;
1,1,1,27.7310364676;
1,3,1,27.4772155268;
1,5,1,27.5840288394;
1,7,1,27.5436448717;
1,9,1,27.541799022;
1,11,1,27.2415175834;
1,13,1,27.3593264561;
1,15,1,27.2025779032;
3,1,3,26.9945792382;
3,3,3,27.3509457562;
3,5,3,27.0404941463;
3,7,3,26.909171687;
3,9,3,27.0158244907;
3,11,3,27.1930890054;
3,13,3,26.9454314849;
3,15,3,27.1265681482;
5,1,5,26.5223183299;
5,3,5,26.9920964938;
5,5,5,27.1575224442;
5,7,5,26.8463674479;
5,9,5,26.7421964633;
5,11,5,26.7165866184;
5,13,5,26.8195386633;
5,15,5,26.7763728126;
7,1,7,26.5160552705;
7,3,7,26.5163370286;
7,5,7,26.8419352323;
7,7,7,26.9756492326;
7,9,7,26.7977858362;
7,11,7,26.7180581138;
7,13,7,26.7120640421;
7,15,7,26.7282347471;
9,1,9,26.4092830579;
9,3,9,26.5517212407;
9,5,9,26.6488096955;
9,7,9,26.6785564606;
9,9,9,26.528815536;
9,11,9,26.7284828514;
9,13,9,26.6067649772;
9,15,9,26.5760827533;
11,1,11,26.387529846;
11,3,11,26.4766175765;
11,5,11,26.4748122683;
11,7,11,26.7252533262;
11,9,11,26.5646694569;
11,11,11,26.5240660196;
11,13,11,26.5742883222;
11,15,11,26.4671269255;
13,1,13,26.3360222599;
13,3,13,26.4708089244;
13,5,13,26.4723935309;
13,7,13,26.6011514997;
13,9,13,26.6034044262;
13,11,13,26.5814081927;
13,13,13,26.4542336486;
13,15,13,26.5195445582;
15,1,15,26.3436095595;
15,3,15,26.4953242815;
15,5,15,26.4527517146;
15,7,15,26.5984357011;
15,9,15,26.6560912981;
15,11,15,26.653574068;
15,13,15,26.5555635299;
15,15,15,26.3889610463;
1,1,1,27.4577825334;
1,3,1,27.3371785558;
1,5,1,27.1430102042;
1,7,1,27.4595881204;
1,9,1,27.530035074;
1,11,1,27.1062064584;
1,13,1,27.0705518414;
1,15,1,27.0942014056;
3,1,3,27.1557063263;
3,3,3,27.5465179703;
3,5,3,27.7139836387;
3,7,3,27.4401984754;
3,9,3,27.1972871628;
3,11,3,27.2213089816;
3,13,3,27.3532402747;
3,15,3,27.126044407;
5,1,5,26.924266302;
5,3,5,27.2491513765;
5,5,5,27.3509457562;
5,7,5,27.0921887897;
5,9,5,26.9105307445;
5,11,5,26.7691855274;
5,13,5,26.9759399164;
5,15,5,27.0158244907;
7,1,7,26.5566207619;
7,3,7,26.703527138;
7,5,7,27.0870444149;
7,7,7,27.0944764709;
7,9,7,26.9264709468;
7,11,7,26.8509640139;
7,13,7,26.8261183666;
7,15,7,26.7411417996;
9,1,9,26.4223367434;
9,3,9,26.4264831655;
9,5,9,26.6852299269;
9,7,9,26.9819343161;
9,9,9,27.0635553103;
9,11,9,27.0102136457;
9,13,9,26.7698836353;
9,15,9,26.7471817734;
11,1,11,26.4934178657;
11,3,11,26.5176665433;
11,5,11,26.495420252;
11,7,11,26.7562019704;
11,9,11,26.9910719206;
11,11,11,26.9747053876;
11,13,11,27.0102585119;
11,15,11,26.7422538213;
13,1,13,26.4538330391;
13,3,13,26.5623375386;
13,5,13,26.5391291567;
13,7,13,26.6383786554;
13,9,13,26.7209649178;
13,11,13,26.6714007731;
13,13,13,26.8343826975;
13,15,13,26.9200600996;
15,1,15,26.4859384909;
15,3,15,26.4925096708;
15,5,15,26.5517212407;
15,7,15,26.551841154;
15,9,15,26.7190683024;
15,11,15,26.770806616;
15,13,15,26.6395421329;
15,15,15,26.528815536;
1,1,1,27.0984702292;
1,3,1,27.2487126205;
1,5,1,26.8630538483;
1,7,1,26.8535374559;
1,9,1,27.0782889911;
1,11,1,27.1019582591;
1,13,1,26.9623058197;
1,15,1,26.9118212132;
3,1,3,27.8463498313;
3,3,3,28.0172866698;
3,5,3,27.9706750856;
3,7,3,27.7503449474;
3,9,3,27.4584901546;
3,11,3,27.4531515553;
3,13,3,27.6785497395;
3,15,3,27.7232898954;
5,1,5,27.129071647;
5,3,5,27.2653893379;
5,5,5,27.4386727265;
5,7,5,27.4377054163;
5,9,5,27.1718980926;
5,11,5,27.2552436979;
5,13,5,27.2095585222;
5,15,5,27.2273379613;
7,1,7,26.9663758621;
7,3,7,27.1044542032;
7,5,7,27.2212803004;
7,7,7,27.3509457562;
7,9,7,27.075478709;
7,11,7,27.0972015015;
7,13,7,26.934337953;
7,15,7,26.7891829016;
9,1,9,26.5963170182;
9,3,9,26.7170066374;
9,5,9,27.0673784491;
9,7,9,27.1730418603;
9,9,9,27.1918720761;
9,11,9,27.1393414537;
9,13,9,26.9321490468;
9,15,9,26.9200334483;
11,1,11,26.5359809689;
11,3,11,26.4808950021;
11,5,11,26.7362000332;
11,7,11,27.0505990928;
11,9,11,27.1089025738;
11,11,11,27.1411000022;
11,13,11,27.0563302879;
11,15,11,26.8908422601;
13,1,13,26.4391686533;
13,3,13,26.5372464905;
13,5,13,26.4372790108;
13,7,13,26.7046873834;
13,9,13,26.9896691495;
13,11,13,27.1171797418;
13,13,13,27.0613794824;
13,15,13,27.0580584992;
15,1,15,26.4701613058;
15,3,15,26.5367369763;
15,5,15,26.5029228969;
15,7,15,26.4787337919;
15,9,15,26.7344638642;
15,11,15,26.8566804409;
15,13,15,27.0913534979;
15,15,15,26.9713191836;
1,1,1,26.8906326629;
1,3,1,26.9209458648;
1,5,1,26.7570134674;
1,7,1,26.7261682762;
1,9,1,26.4849472932;
1,11,1,26.8303793961;
1,13,1,26.7696609976;
1,15,1,26.8463508296;
3,1,3,27.7446576961;
3,3,3,27.7310364676;
3,5,3,27.8550562738;
3,7,3,27.4389897081;
3,9,3,27.4772155268;
3,11,3,27.6407953716;
3,13,3,27.7000848403;
3,15,3,27.5840288394;
5,1,5,27.2795066259;
5,3,5,27.5594988962;
5,5,5,27.8465191951;
5,7,5,27.9496550471;
5,9,5,27.8468939209;
5,11,5,27.6053959632;
5,13,5,27.6710759511;
5,15,5,27.1775970584;
7,1,7,26.9547149449;
7,3,7,27.3135640899;
7,5,7,27.2287322913;
7,7,7,27.208543306;
7,9,7,27.4158348103;
7,11,7,27.4312084777;
7,13,7,27.0933701575;
7,15,7,27.0888953167;
9,1,9,26.9328681309;
9,3,9,26.9945792382;
9,5,9,27.2229244957;
9,7,9,27.2935455361;
9,9,9,27.3509457562;
9,11,9,27.2450211772;
9,13,9,27.0472591232;
9,15,9,27.0404941463;
11,1,11,26.6931913297;
11,3,11,26.7993837899;
11,5,11,27.0204718499;
11,7,11,27.0544416289;
11,9,11,27.2308818903;
11,11,11,27.2321563953;
11,13,11,27.1939281242;
11,15,11,26.9129749407;
13,1,13,26.6421548242;
13,3,13,26.5363262808;
13,5,13,26.6456857454;
13,7,13,27.0157493302;
13,9,13,27.0753699137;
13,11,13,27.1421807653;
13,13,13,27.1230807033;
13,15,13,27.1192755927;
15,1,15,26.5053845787;
15,3,15,26.5223183299;
15,5,15,26.4422096148;
15,7,15,26.6486021815;
15,9,15,26.9920964938;
15,11,15,27.0517015352;
15,13,15,27.1005697434;
15,15,15,27.1575224442;
1,1,1,26.8106275444;
1,3,1,26.8339915187;
1,5,1,26.6601609467;
1,7,1,26.7428387192;
1,9,1,26.5064650516;
1,11,1,26.351506277;
1,13,1,26.6137851612;
1,15,1,26.8120232246;
3,1,3,27.5350498542;
3,3,3,27.8013920556;
3,5,3,27.6611712157;
3,7,3,27.3789109142;
3,9,3,27.4818415551;
3,11,3,27.4426793748;
3,13,3,27.5036486689;
3,15,3,27.5189351771;
5,1,5,27.6223038981;
5,3,5,27.7449326041;
5,5,5,27.9951262575;
5,7,5,28.0037056176;
5,9,5,27.9844635694;
5,11,5,27.8676460824;
5,13,5,27.6118764678;
5,15,5,27.528123939;
7,1,7,26.9934758165;
7,3,7,27.1995504771;
7,5,7,27.3166179116;
7,7,7,27.5774982106;
7,9,7,27.6429404147;
7,11,7,27.6346613289;
7,13,7,27.5337662942;
7,15,7,27.3993866551;
9,1,9,26.8821224573;
9,3,9,27.36241967;
9,5,9,27.4100430298;
9,7,9,27.4011964352;
9,9,9,27.26483084;
9,11,9,27.4301163232;
9,13,9,27.2875056729;
9,15,9,27.2116407177;
11,1,11,26.89944694;
11,3,11,27.0561911708;
11,5,11,27.1168591498;
11,7,11,27.199906511;
11,9,11,27.2786321945;
11,11,11,27.3509457562;
11,13,11,27.1801100232;
11,15,11,26.9829118199;
13,1,13,26.6874398352;
13,3,13,26.7961790331;
13,5,13,26.9310544829;
13,7,13,27.0403551916;
13,9,13,27.0368254048;
13,11,13,27.249526991;
13,13,13,27.2607039485;
13,15,13,27.177444654;
15,1,15,26.6584802138;
15,3,15,26.6071824784;
15,5,15,26.6246996753;
15,7,15,26.8957086886;
15,9,15,27.042707609;
15,11,15,27.0811320628;
15,13,15,27.1059440777;
15,15,15,27.1639818667;
1,1,1,26.6740400372;
1,3,1,26.6828553772;
1,5,1,26.5489425828;
1,7,1,26.5585794236;
1,9,1,26.6732857182;
1,11,1,26.4458797461;
1,13,1,26.2643600553;
1,15,1,26.3442081354;
3,1,3,27.4415345276;
3,3,3,27.683748671;
3,5,3,27.7380858115;
3,7,3,27.4431203781;
3,9,3,27.4738649561;
3,11,3,27.3938132325;
3,13,3,27.4014674371;
3,15,3,27.3553194732;
5,1,5,27.6922502901;
5,3,5,27.630776132;
5,5,5,27.9437007155;
5,7,5,28.1610369748;
5,9,5,27.8986122739;
5,11,5,27.6544217914;
5,13,5,27.6632873945;
5,15,5,27.6252702591;
7,1,7,27.2873844666;
7,3,7,27.4659232776;
7,5,7,27.7409942524;
7,7,7,27.8843813361;
7,9,7,28.0258319681;
7,11,7,27.9250076397;
7,13,7,27.9199565957;
7,15,7,27.6921981881;
9,1,9,27.113455826;
9,3,9,27.0460640578;
9,5,9,27.2894517959;
9,7,9,27.3369900668;
9,9,9,27.4245705588;
9,11,9,27.504698553;
9,13,9,27.4800776674;
9,15,9,27.4220693505;
11,1,11,26.9595008711;
11,3,11,27.1736201001;
11,5,11,27.2691036112;
11,7,11,27.3365969079;
11,9,11,27.388514837;
11,11,11,27.3193744048;
11,13,11,27.2868566362;
11,15,11,27.2978857416;
13,1,13,26.8875380318;
13,3,13,27.0912991347;
13,5,13,26.992866389;
13,7,13,27.2607976188;
13,9,13,27.1929922044;
13,11,13,27.2948527285;
13,13,13,27.3509457562;
13,15,13,27.2133004066;
15,1,15,26.6590197126;
15,3,15,26.7743051836;
15,5,15,27.053401396;
15,7,15,27.1319225039;
15,9,15,27.1053817893;
15,11,15,27.174724278;
15,13,15,27.2129312866;
15,15,15,27.2789882494;
1,1,1,26.5639650542;
1,3,1,26.6037748763;
1,5,1,26.450930571;
1,7,1,26.6625686277;
1,9,1,26.5408639803;
1,11,1,26.4300737767;
1,13,1,26.3517955979;
1,15,1,26.3854837822;
3,1,3,27.334629627;
3,3,3,27.4577825334;
3,5,3,27.4975296948;
3,7,3,27.4332599334;
3,9,3,27.3371785558;
3,11,3,27.3163218515;
3,13,3,27.3956954143;
3,15,3,27.1430102042;
5,1,5,27.6757395278;
5,3,5,27.7368055321;
5,5,5,27.7310364676;
5,7,5,28.0099767031;
5,9,5,27.8239165513;
5,11,5,27.7031426469;
5,13,5,27.3802363567;
5,15,5,27.4772155268;
7,1,7,27.6093778682;
7,3,7,27.7268292302;
7,5,7,27.8622083515;
7,7,7,28.0359006043;
7,9,7,28.0527694634;
7,11,7,28.0180613515;
7,13,7,27.9535777441;
7,15,7,27.9046557229;
9,1,9,27.0305174243;
9,3,9,27.1557063263;
9,5,9,27.2645528657;
9,7,9,27.5239653197;
9,9,9,27.5465179703;
9,11,9,27.6862247795;
9,13,9,27.7380909335;
9,15,9,27.7139836387;
11,1,11,26.9653070333;
11,3,11,27.213387633;
11,5,11,27.2785214145;
11,7,11,27.2365375927;
11,9,11,27.290523212;
11,11,11,27.3485512471;
11,13,11,27.4892002919;
11,15,11,27.3543517704;
13,1,13,26.8282323301;
13,3,13,27.0882936122;
13,5,13,27.2505235205;
13,7,13,27.3238435008;
13,9,13,27.2847074655;
13,11,13,27.2548332949;
13,13,13,27.3191082887;
13,15,13,27.3249765017;
15,1,15,26.89681799;
15,3,15,26.924266302;
15,5,15,26.9945792382;
15,7,15,27.1609288525;
15,9,15,27.2491513765;
15,11,15,27.2579977165;
15,13,15,27.2948527285;
15,15,15,27.3509457562;
